Topo 05 - Cross		aa																																					
Jenis sal (0.Profil 1. Main System 2. Tersier 3. Drain) :				1																																			
Jenis Bangunan : 1.Bendung 2. Bagi  3.Sadap 4.Terjun 5.Gr Pembawa 6.Gr Pembuang 7.Jembatan 8.Talang 9.Siphon 10.Got miring 11.Pelimpah samping 12.Box Tersier 13.Box Kwarter 14.Jembatan org 15.Tempat cuci 16.Mandi Hewan 17.Penguras																																							
No Register :	(No. Register...)		"Model Gambar : 0 (Normal), 1 (Hanya Garis), 2 (Galian), 3 (Parapet), 4 (tanggul 2), 5 (Tanggul 1)"											"Keterangan cross : R (rumah), P (pagar), J (jalan), T (tanggul), D (dasar sal), L (lining), W (Rawa), S (sawah), K (kebun), B(boundary step methode),A (parapet)"																									
PATOK	X	Y	Z	Azimuth kiri			Dim sal	HWL1	X																														
				jam	mnt	dtk				1	2	3	4	5	6	7	8	9	10	11	12	13	14	15	16	17	18	19	20	21	22	23	24	25	26	27	28	29	30
jarak	Nama bangunan	Tipe bangunan	z (head loss)	El. dsr	El. tgl ka	El. tgl ki	Lining	HWL2	tnh asli																														
step methode(y/n/d)				El. dsr2	El. tgl ka2	El. tgl ki2	K	Water level	Bed level																														
BTH01	5000	10000	10				1	9	-8.35	10.016	10.041	7.561	7.547	9.741	9.79	9.747	7.647	7.54	7.872	7.473																			
	BB0	1	0.2							-25	-9.3	-8.9	-7.8	-7.4	0	0.6	1	5.4	15.6	27.8																			
											tl	dl	dl	tl						r																			
P1	5050.901	9999.366	10.885				1		-1.6	11.967	11.847	7.361	7.347	10.656	10.635	10.604	8.161	8.142	8.242	8.468																			
							1			-25	-2.8	-2.2	-1	-0.5	0	7.5	8	15.4	20.8	26.4																			
											tl	dl	dl	tl																									
HP02	5084.754	10006.441	11.309				1		-8.35	12	11.804	8.694	8.67	10.898	10.921	10.947	7.97	7.99	8.472	8.861																			
							1			-20	-9.5	-8.9	-7.8	-7.4	0	0.6	1	13.8	17.6	26																			
											tl	dl	dl	tl																									
P2	5100.117	10012.599	11.15				1		-8.35	11.706	11.804	8.694	8.67	10.898	10.921	10.947	7.97	7.99	8.472	8.861																			
							4			-30	-9.5	-8.9	-7.8	-7.4	0	0.6	1	13.8	17.6	26																			
											t	d	d	t																									
P3	5150.288	10022.111	10.15				1		-8.45	10.678	10.47	8.016	8.094	9.294	9.831	9.27	7.848	7.916	7.704	7.676																			
							4			-30	-9.4	-9	-7.9	-7.4	0	0.6	1	13.4	17.8	30.6																			
											t	d	d	t																									
P4	5199.208	10011.302	9.798				1		-1.45	11.048	10.67	8.114	8.761	9.498	9.568	9.504	7.761	7.478	7.504	7.662																			
							4			-25	-2.4	-2.1	-0.8	-0.5	0	7.5	8	15.6	21.8	35.4																			
											t	d	d	t																									
P5	5240.348	9981.868	9.902				1		-1.5	10.489	11.67	8.769	8.804	9.598	9.652	9.594	7.98	7.747	7.804	7.761																			
							8			-25	-2.6	-2.2	-0.8	-0.4	0	7.6	8	10.4	15.8	28.4																			
											t	d	d	t																									
P6	5276.597	9947.806	9.851				2		-1.4	8.494	8.69	8.116	8.104	9.611	9.653	9.598	8.261	8.29	8.67	8.594	8.704	8.417																	
	BB 1	2	0.1				8			-25	-2.2	-1.8	-1	-0.6	0	7.4	7.8	8.7	9	15.6	24.4	38.4																	
											t	d	d	t																									
P7	5312.28	9912.354	9.783				3		-8.1	8.316	8.204	7.511	7.504	9.698	9.786	9.74	7.602	7.65	8.404	8.516																			
							8			-25	-8.9	-8.6	-7.6	-7.3	0	0.7	1	1.4	1.7	22.4																			
											t	d	d	t																									
P8	5351.412	9880.281	9.732				3		-1.6	8.34	8.204	7.67	7.67	8.47	8.484	8.398	7.994	7.817	8.047	8.206	8.142																		
							8			-25	-2.6	-2.2	-1	-0.6	0	7.4	7.8	8.4	8.8	13.6	27.6																		
											t	d	d	t																									
P9	5392.474	9851.228	9.815				3		-8	8.667	8.704	8.516	7.841	7.604	9.595	9.676	9.604	8.816	8.87	9.04	9.162	9.247																	
							8			-20.8	-14.2	-9	-8.6	-7.4	-7.2	0	0.8	1.4	2.5	2.9	13.8	26.4																	
												t	d	d	t																								
P10	5430.801	9818.5	9.915				4		-8.1	8.347	8.504	8.561	7.98	7.961	9.747	9.765	9.74	8.816	8.794	9.116	9.204	9.127																	
										-25	-13	-8.7	-8.4	-7.8	-7.4	0	0.6	1	2.2	2.6	13.8	27.6																	
												t	d	d	t																								
P11	5470.873	9789.157	10.264				4		-1.45	8.901	8.848	8.961	7.89	7.816	9.898	9.924	9.904	8.716	8.748	9.27	9.342	9.363																	
										-18.8	-10.2	-2.4	-2	-0.9	-0.5	0	7.5	7.8	8.9	10.5	17.4	29																	
												t	d	d	t																								
P12	5516.551	9767.889	9.601				4		-1.7	8.617	8.548	8.674	8.016	8.011	9.101	9.191	9.098	8.04	8.067	8.672	8.504	8.676																	
										-18.8	-11.2	-2.8	-2.4	-1	-0.6	0	7.4	7.8	8.2	8.6	10.8	28																	
												t	d	d	t																								
P13	5555.634	9736.097	10.649				4		-8.55	9.204	9.247	9.111	8.908	8.967	10.198	10.249	10.23	8.404	8.411	8.916	9.047	9.116																	
										-21.2	-13.4	-9.5	-9.2	-7.9	-7.5	0	0.5	0.9	2.1	2.5	12.7	30.4																	
												t	d	d	t																								
P14	5596.789	9706.346	10.151				4		-1.7	9.375	9.463	9.392	8.824	8.861	10.096	10.001	10.03	8.862	8.804	9.204	9.196	9.222																	
										-18.8	-13.2	-2.8	-2.4	-1	-0.6	0	7.4	7.8	8.9	9.3	19.4	28.2																	
												t	d	d	t																								
P15	5614.278	9658.868	10.112				4		-1.9	9.37	9.316	9.276	8.715	8.742	10.035	9.812	10.008	8.568	8.572	9.046	9.27	9.116																	
										-18.8	-10.4	-2.8	-2.4	-1.4	-1	0	7	7.4	8.4	8.8	13.6	26.6																	
												t	d	d	t																								
P16	5627.675	9614.866	9.806				4		-8.65	8.706	8.694	8.662	8.026	8.04	9.498	9.506	9.511	8.161	8.104	8.916	8.972	8.706																	
										-29.8	-15.6	-9.5	-9.2	-8.1	-7.3	0	0.7	1	2.2	2.4	15.6	28.6																	
												t	d	d	t																								
P17	5661.257	9577.016	9.82				4		-8.35	9.046	9.1	9.104	8.517	8.526	9.604	9.631	9.624	8.304	8.312	9.017	9.116	9.27																	
										-24.4	-15	-9.2	-8.9	-7.8	-7.5	0	0.5	0.8	2.1	2.4	15.6	27																	
												t	d	d	t																								
P18	5704.009	9549.758	9.881				4		-1.9	8.652	8.705	8.762	8.175	8.162	9.604	9.692	9.684	8.06	8.075	8.768	8.795	8.555																	
										-21.4	-13.8	-2.9	-2.6	-1.2	-0.8	0	7.2	7.4	8.2	8.6	15.6	30.8																	
												t	d	d	t																								
P19	5751.862	9533.978	9.939				3		-8.4	9.111	9.061	9.204	8.486	8.476	9.6	9.679	9.63	8.274	8.255	8.967	8.97	9.046																	
							8			-22.2	-13	-9.4	-9	-7.8	-7.4	0	0.6	1	2.3	2.6	10.8	27.6																	
												t	d	d	t																								
P20	5798.42	9516.47	9.796				3		-1.1	8.744	8.698	8.748	8.134	8.168	9.617	9.606	9.652	8.027	8.026	8.756	8.506	8.769																	
							8			-19.8	-13	-1.8	-1.4	-0.8	-0.4	0	7.6	7.9	8.3	8.7	15.6	27.2																	
												t	d	d	t																								
P21	5843.916	9495.255	9.894				3		-7.9	8.768	8.716	9.004	8.296	8.208	9.404	9.446	9.436	8.101	8.162	8.862	8.826	8.76																	
							8			-22.8	-15.8	-8.5	-8.1	-7.7	-7.3	0	0.7	1.2	2.4	2.8	15.8	29																	
												t	d	d	t																								
P22	5891.438	9478.411	10.101				3		-1.9	9.122	9.147	9.062	8.511	8.504	9.756	9.712	9.747	8.54	8.561	9.176	9.104	8.762																	
							8			-19.4	-13.6	-3	-2.6	-1.2	-0.8	0	7.2	7.6	8.8	9.2	15.8	27																	
																																							
P23	5940.705	9467.785	10.215				3		-8.1	9.222	9.327	9.204	8.562	8.476	10.196	10.065	10.047	8.366	8.38	9.204	9.272	9.261																	
							8			-23.4	-13.8	-9.1	-8.7	-7.5	-7.1	0	0.9	1.3	2.5	2.8	12.6	24.8																	
																																							
P24	5988.358	9452.576	10.556				3		-1.7	9.604	9.878	9.967	9.001	8.99	10.298	10.336	10.376	8.96	8.967	9.676	9.504	9.327																	
							8			-25	-10.8	-2.7	-2.3	-1.1	-0.7	0	7.3	7.7	8.1	8.5	15.8	27.7																	
																																							
P25	6031.539	9427.402	10.343				3		-1.55	9.742	9.685	9.67	8.97	8.96	10.12	10.103	10.098	8.868	8.878	9.367	9.38	9.067																	
							8			-21.6	-15	-2.2	-1.8	-1.3	-0.9	0	7.1	7.5	8.7	9	19.6	28.9																	
																																							
P26	6076.971	9404.946	10.504				3		-8.3	9.704	9.677	9.56	8.555	8.504	10.208	10.274	10.245	8.76	8.758	9.367	9.56	9.404																	
							8			-19.8	-10	-9.3	-8.9	-7.7	-7.3	0	0.7	1.1	2.4	2.8	13.6	27.8																	
																																							
P27	6126.823	9397.569	10.223				3		-1.7	9.04	8.956	8.96	8.138	8.17	9.798	9.894	9.87	8.304	8.311	9.504	9.476	9.272																	
							8			-25	-9.6	-2.8	-2.4	-1	-0.6	0	7.4	7.8	8.2	9.6	15.8	30.2																	
																																							
P28	6175.928	9390.539	9.842				3		-1.8	9.061	8.873	8.862	8.383	8.36	9.562	9.533	9.568	8.276	8.204	9.062	9.162	8.968																	
	BBA 1	2	0.1				8			-24.2	-13.8	-2.8	-2.4	-1.2	-0.8	0	7.2	7.6	8.7	9	17.6	27.4																	
																																							
P29	6224.553	9378.165	9.732				3		-8.6	8.848	9.124	9.046	8.178	8.16	9.563	9.542	9.55	8.279	8.204	8.768	8.843	9.062																	
							8			-24.3	-15.4	-9.7	-9.3	-7.9	-7.5	0	0.5	0.9	1.3	1.7	13.8	28.4																	
																																							
P30	6274.283	9371.541	10.173				3		-2.05	9.348	9.167	8.916	8.278	8.26	9.97	9.943	9.917	8.567	8.504	9.272	9.361	9.048																	
							8			-21.6	-12.8	-3.1	-2.7	-1.4	-0.8	0	7.2	7.6	8	8.4	15.6	31.2																	
																																							
P31	6323.595	9381.468	10.546				3		-1.3	9.548	9.361	9.268	8.567	8.568	10.416	10.407	10.398	8.767	8.748	9.567	9.58	9.467	9.467																
							8			-19.6	-13.8	-1.9	-1.5	-1.1	-0.7	0	7.3	7.7	8	8.4	15.8	28.6	40																
																																							
P32	6368.649	9358.443	10.458				3		-1.4	9.788	9.702	9.678	8.796	8.788	10.27	10.269	10.27	8.967	8.904	9.672	9.478	9.504																	
							8			-23	-12.6	-2.2	-1.8	-1	-0.6	0	7.4	7.8	8.2	9.6	18.3	29.6																	
																																							
P33	6417.319	9346.176	10.259				3		-7.9	9.404	9.682	9.678	8.904	8.967	10.096	10.07	10.098	8.767	8.756	9.672	9.562	9.708																	
							8			-20	-14.8	-8.5	-8.1	-7.7	-7.3	0	0.7	1.1	2.4	2.8	15.8	24.4																	
																																							
P34	6466.969	9354.176	10.689				3		-1.3	9.278	9.402	9.361	8.75	8.748	10.508	10.5	10.498	8.676	8.69	9.567	9.408	9.678																	
							8			-23.2	-15.4	-2.9	-1.5	-1.1	-0.7	0	7.3	7.7	8.8	9.2	18.6	27.8																	
																																							
P35	6516.525	9347.754	10.28				3		-2.05	9.274	9.168	9.06	8.456	8.478	10.011	10.031	10.147	8.568	8.578	9.208	9.361	9.278																	
							8			-20.4	-13.8	-3.1	-2.7	-1.4	-1	0	7	7.4	8.8	9.2	19.4	29																	
																																							
CP02	6564.304	9331.251	10.468				4		-8.55	9.278	9.361	9.604	8.968	8.967	10.348	10.329	10.339	8.768	8.756	9.361	9.278	9.404																	
	BBA 2	3	0.1							-25	-15.4	-9.6	-9.2	-7.9	-7.5	0	0.5	1	2.2	2.8	13.6	29																	
																																							
																																							
																																							
																																							
																																							
																																							
																																							
																																							
																																							
																																							
																																							
																																							
																																							
																																							
																																							
																																							
																																							
																																							
																																							
																																							
																																							
																																							
																																							
																																							
																																							
																																							
																																							
																																							
																																							
																																							
																																							
																																							
																																							
																																							
																																							
																																							
																																							
																																							
																																							
																																							
																																							
																																							
																																							
																																							
																																							
																																							
																																							
																																							
																																							
																																							
																																							
																																							
																																							
																																							
																																							
																																							
																																							
																																							
																																							
																																							
																																							
																																							
																																							
																																							
																																							
																																							
																																							
																																							
																																							
																																							
																																							
																																							
																																							
																																							
																																							
																																							
																																							
																																							
																																							
																																							
																																							
																																							
																																							
																																							
																																							
																																							
																																							
																																							
																																							
																																							
																																							
																																							
																																							
																																							
																																							
																																							
																																							
																																							
																																							
																																							
																																							
																																							
																																							
																																							
																																							
																																							
																																							
																																							
																																							
																																							
																																							
																																							
																																							
																																							
																																							
																																							
																																							
																																							
																																							
																																							
																																							
																																							
																																							
																																							
																																							
																																							
																																							
																																							
																																							
																																							
																																							
																																							
																																							
																																							
																																							
																																							
																																							
																																							
																																							
																																							
																																							
																																							
																																							
																																							
																																							
																																							
																																							
																																							
																																							
																																							
																																							
																																							
																																							
																																							
																																							
																																							
																																							
																																							
																																							
																																							
																																							
																																							
																																							
																																							
																																							
																																							
																																							
																																							
																																							
																																							
																																							
																																							
																																							
																																							
																																							
																																							
																																							
																																							
																																							
																																							
																																							
																																							
																																							
																																							
																																							
																																							
																																							
																																							
																																							
																																							
																																							
																																							
																																							
																																							
																																							
																																							
																																							
																																							
																																							
																																							
																																							
																																							
																																							
																																							
																																							
																																							
																																							
																																							
																																							
																																							
																																							
																																							
																																							
																																							
																																							
																																							
																																							
																																							
																																							
																																							
																																							
																																							
																																							
																																							
																																							
																																							
																																							
																																							
																																							
																																							
																																							
																																							
																																							
																																							
																																							
																																							
																																							
																																							
																																							
																																							
																																							
																																							
																																							
																																							
																																							
																																							
																																							
																																							
																																							
																																							
																																							
																																							
																																							
																																							
																																							
																																							
																																							
																																							
																																							
																																							
																																							
																																							
																																							
																																							
																																							
																																							
																																							
																																							
																																							
																																							
																																							
																																							
																																							
																																							
																																							
																																							
																																							
																																							
																																							
																																							
																																							
																																							
																																							
																																							
																																							
																																							
																																							
																																							
																																							
																																							
																																							
																																							
																																							
																																							
																																							
																																							
																																							
																																							
																																							
																																							
																																							
																																							
																																							
																																							
																																							
																																							
																																							
																																							
																																							
																																							
																																							
																																							
																																							
																																							
																																							
																																							
																																							
																																							
																																							
																																							
																																							
																																							
																																							
																																							
																																							
																																							
																																							
																																							
																																							
																																							
																																							
																																							
																																							
																																							
																																							
																																							
																																							
																																							
																																							
																																							
																																							
																																							
																																							
																																							
																																							
																																							
																																							
																																							
																																							
																																							
																																							
																																							
																																							
																																							
																																							
																																							
																																							
																																							
																																							
																																							
																																							
																																							
																																							
																																							
																																							
																																							
																																							
																																							
																																							
																																							
																																							
																																							
																																							
																																							
																																							
																																							
																																							
																																							
																																							
																																							
																																							
																																							
																																							
																																							
																																							
																																							
																																							
																																							
																																							
																																							
																																							
																																							
																																							
																																							
																																							
																																							
																																							
																																							
																																							
																																							
																																							
																																							
																																							
																																							
																																							
																																							
																																							
																																							
																																							
																																							
																																							
																																							
																																							
																																							
																																							
																																							
																																							
																																							
																																							
																																							
																																							
																																							
																																							
																																							
																																							
																																							
																																							
																																							
																																							
																																							
																																							
																																							
																																							
																																							
																																							
																																							
																																							
																																							
																																							
																																							
																																							
																																							
																																							
																																							
																																							
																																							
																																							
																																							
																																							
																																							
																																							
																																							
																																							
																																							
																																							
																																							
																																							
																																							
																																							
																																							
																																							
																																							
																																							
																																							
																																							
																																							
																																							
																																							
																																							
																																							
																																							
																																							
																																							
																																							
																																							
																																							
																																							
																																							
																																							
																																							
																																							
																																							
																																							
																																							
																																							
																																							
																																							
																																							
																																							
																																							
																																							
																																							
																																							
																																							
																																							
																																							
																																							
																																							
																																							
																																							
																																							
																																							
																																							
																																							
																																							
																																							
																																							
																																							
																																							
																																							
																																							
																																							
																																							
																																							
																																							
																																							
																																							
																																							
																																							
																																							
																																							
																																							
																																							
																																							
																																							
																																							
																																							
																																							
																																							
																																							
																																							
																																							
																																							
																																							
																																							
																																							
																																							
																																							
																																							
																																							
																																							
																																							
																																							
																																							
																																							
																																							
																																							
																																							
																																							
																																							
																																							
																																							
																																							
																																							
																																							
																																							
																																							
																																							
																																							
																																							
																																							
																																							
																																							
																																							
																																							
																																							
																																							
																																							
																																							
																																							
																																							
																																							
																																							
																																							
																																							
																																							
																																							
																																							
																																							
																																							
																																							
																																							
																																							
																																							
																																							
																																							
																																							
																																							
																																							
																																							
																																							
																																							
																																							
																																							
																																							
																																							
																																							
																																							
																																							
																																							
																																							
																																							
																																							
																																							
																																							
																																							
																																							
																																							
																																							
																																							
																																							
																																							
																																							
																																							
																																							
																																							
																																							
																																							
																																							
																																							
																																							
																																							
																																							
																																							
																																							
																																							
																																							
																																							
																																							
																																							
																																							
																																							
																																							
																																							
																																							
																																							
																																							
																																							
																																							
																																							
																																							
																																							
																																							
																																							
																																							
																																							
																																							
																																							
																																							
																																							
																																							
																																							
																																							
																																							
																																							
																																							
																																							
																																							
																																							
																																							
																																							
																																							
																																							
																																							
																																							
																																							
																																							
																																							
																																							
																																							
																																							
																																							
																																							
																																							
																																							
																																							
																																							
																																							
																																							
																																							
																																							
																																							
																																							
																																							
																																							
																																							
																																							
																																							
																																							
																																							
																																							
																																							
																																							
																																							
																																							
																																							
																																							
																																							
																																							
																																							
																																							
																																							
																																							
																																							
																																							
																																							
																																							
																																							
																																							
																																							
																																							
																																							
																																							
																																							
																																							
																																							
																																							
																																							
																																							
																																							
																																							
																																							
																																							
																																							
																																							
																																							
																																							
																																							
																																							
																																							
																																							
																																							
																																							
																																							
																																							
																																							
																																							
																																							
																																							
																																							
																																							
																																							
																																							
																																							
																																							
																																							
																																							
																																							
																																							
																																							
																																							
																																							
																																							
																																							
																																							
																																							
																																							
																																							
																																							
																																							
																																							
																																							
																																							
																																							
																																							
																																							
																																							
																																							
																																							
																																							
																																							
																																							
																																							
																																							
																																							
																																							
																																							
																																							
																																							
																																							
																																							
																																							
																																							
																																							
																																							
																																							
																																							
																																							
																																							
																																							
																																							
																																							
																																							
																																							
																																							
																																							
																																							
																																							
																																							
																																							
																																							
																																							
																																							
																																							
																																							
																																							
																																							
																																							
																																							
																																							
																																							
																																							
																																							
																																							
																																							
																																							
																																							
																																							
																																							
																																							
																																							
																																							
																																							
																																							
																																							
																																							
																																							
																																							
																																							
																																							
																																							
																																							
																																							
																																							
																																							
																																							
																																							
																																							
																																							
																																							
																																							
																																							
																																							
																																							
																																							
																																							
																																							
																																							
																																							
																																							
																																							
																																							
																																							
																																							
																																							
																																							
																																							
																																							
																																							
																																							
																																							
																																							
																																							
																																							
																																							
																																							
																																							
																																							
																																							
																																							
																																							
																																							
																																							
																																							
																																							
																																							
																																							
																																							
																																							
																																							
																																							
																																							
																																							
																																							
																																							
																																							
																																							
																																							
																																							
																																							
																																							
																																							
																																							
																																							
																																							
																																							
																																							
																																							
																																							
																																							
																																							
																																							
																																							
																																							
																																							
																																							
																																							
																																							
																																							
																																							
																																							
																																							
																																							
																																							
																																							
																																							
																																							
																																							
																																							
																																							
																																							
																																							
																																							
																																							
																																							
																																							
																																							
																																							
																																							
																																							
																																							
																																							
																																							
																																							
																																							
																																							
																																							
																																							
																																							
																																							
																																							
																																							
																																							
																																							
																																							
																																							
																																							
																																							
																																							
																																							
																																							
																																							
																																							
																																							
																																							
																																							
																																							
																																							
																																							
																																							
																																							
																																							
																																							
																																							
																																							
																																							
																																							
																																							
																																							
																																							
																																							
																																							
																																							
																																							
																																							
																																							
																																							
																																							
																																							
																																							
																																							
																																							
																																							
																																							
																																							
																																							
																																							
																																							
																																							
																																							
																																							
																																							
																																							
																																							
																																							
																																							
																																							
																																							
																																							
																																							
																																							
																																							
																																							
																																							
																																							
																																							
																																							
																																							
																																							
																																							
																																							
																																							
																																							
																																							
																																							
																																							
																																							
																																							
																																							
																																							
																																							
																																							
																																							
																																							
																																							
																																							
																																							
																																							
																																							
																																							
																																							
																																							
																																							
																																							
																																							
																																							
																																							
																																							
																																							
																																							
																																							
																																							
																																							
																																							
																																							
																																							
																																							
																																							
																																							
																																							
																																							
																																							
																																							
																																							
																																							
																																							
																																							
																																							
																																							
																																							
																																							
																																							
																																							
																																							
																																							
																																							
																																							
																																							
																																							
																																							
																																							
																																							
																																							
																																							
																																							
																																							
																																							
																																							
																																							
																																							
																																							
																																							
																																							
																																							
																																							
																																							
																																							
																																							
																																							
																																							
																																							
																																							
																																							
																																							
																																							
																																							
																																							
																																							
																																							
																																							
																																							
																																							
																																							
																																							
																																							
																																							
																																							
																																							
																																							
																																							
																																							
																																							
																																							
																																							
																																							
																																							
																																							
																																							
																																							
																																							
																																							
																																							
																																							
																																							
																																							
																																							
																																							
																																							
																																							
																																							
																																							
																																							
																																							
																																							
																																							
																																							
																																							
																																							
																																							
																																							
																																							
																																							
																																							
																																							
																																							
																																							
																																							
																																							
																																							
																																							
																																							
																																							
																																							
																																							
																																							
																																							
																																							
																																							
																																							
																																							
																																							
																																							
																																							
																																							
																																							
																																							
																																							
																																							
																																							
																																							
																																							
																																							
																																							
																																							
																																							
																																							
																																							
																																							
																																							
																																							
																																							
																																							
																																							
																																							
																																							
																																							
																																							
																																							
																																							
																																							
																																							
																																							
																																							
																																							
																																							
																																							
																																							
																																							
																																							
																																							
																																							
																																							
																																							
																																							
																																							
																																							
																																							
																																							
																																							
																																							
																																							
																																							
																																							
																																							
																																							
																																							
																																							
																																							
																																							
																																							
																																							
																																							
																																							
																																							
																																							
																																							
																																							
																																							
																																							
																																							
																																							
																																							
																																							
																																							
																																							
																																							
																																							
																																							
																																							
																																							
																																							
																																							
																																							
																																							
																																							
																																							
																																							
																																							
																																							
																																							
																																							
																																							
																																							
																																							
																																							
																																							
																																							
																																							
																																							
																																							
																																							
																																							
																																							
																																							
																																							
																																							
																																							
																																							
																																							
																																							
																																							
																																							
																																							
																																							
																																							
																																							
																																							
																																							
																																							
																																							
																																							
																																							
																																							
																																							
																																							
																																							
																																							
																																							
																																							
																																							
																																							
																																							
																																							
																																							
																																							
																																							
																																							
																																							
																																							
																																							
																																							
																																							
																																							
																																							
																																							
																																							
																																							
																																							
																																							
																																							
																																							
																																							
																																							
																																							
																																							
																																							
																																							
																																							
																																							
																																							
																																							
																																							
																																							
																																							
																																							
																																							
																																							
																																							
																																							
																																							
																																							
																																							
																																							
																																							
																																							
																																							
																																							
																																							
																																							
																																							
																																							
																																							
																																							
																																							
																																							
																																							
																																							
																																							
																																							
																																							
																																							
																																							
																																							
																																							
																																							
																																							
																																							
																																							
																																							
																																							
																																							
																																							
																																							
																																							
																																							
																																							
																																							
																																							
																																							
																																							
																																							
																																							
																																							
																																							
																																							
																																							
																																							
																																							
																																							
																																							
																																							
																																							
																																							
																																							
																																							
																																							
																																							
																																							
																																							
																																							
																																							
																																							
																																							
																																							
																																							
																																							
																																							
																																							
																																							
																																							
																																							
																																							
																																							
																																							
																																							
																																							
																																							
																																							
																																							
																																							
																																							
																																							
																																							
																																							
																																							
																																							
																																							
																																							
																																							
																																							
																																							
																																							
																																							
																																							
																																							
																																							
																																							
																																							
																																							
																																							
																																							
																																							
																																							
																																							
																																							
																																							
																																							
																																							
																																							
																																							
																																							
																																							
																																							
																																							
																																							
																																							
																																							
																																							
																																							
																																							
																																							
																																							
																																							
																																							
																																							
																																							
																																							
																																							
																																							
																																							
																																							
																																							
																																							
																																							
																																							
